   -172.630516314759120178     -0.000135569751927256      0.011568707803785994
   -172.316357049400153301     -0.000136062885050485      0.011589736036140209
   -172.002197784041186424     -0.000136558680088434      0.011610840763724312
   -171.688038518682191125     -0.000137057157295116      0.011632022442844794
   -171.373879253323224248     -0.000137558337672349      0.011653281532213825
   -171.059719987964228949     -0.000138062242970111      0.011674618492502262
   -170.745560722605262072     -0.000138568895673238      0.011696033785922915
   -170.431401457246266773     -0.000139078318974032      0.011717527875834601
   -170.117242191887299896     -0.000139590536731341      0.011739101226357945
   -169.803082926528304597     -0.000140105573417154      0.011760754301996197
   -169.488923661169337720     -0.000140623454052517      0.011782487567257600
   -169.174764395810370843     -0.000141144204134780      0.011804301486280488
   -168.860605130451375544     -0.000141667849558343      0.011826196522466317
   -168.546445865092408667     -0.000142194416530889      0.011848173138129406
   -168.232286599733413368     -0.000142723931486908      0.011870231794174610
   -167.918127334374446491     -0.000143256421000150      0.011892372949815331
   -167.603968069015451192     -0.000143791911696357      0.011914597062344521
   -167.289808803656484315     -0.000144330430167836      0.011936904586970665
   -166.975649538297517438     -0.000144872002891470      0.011959295976730022
   -166.661490272938522139     -0.000145416656152099      0.011981771682485761
   -166.347331007579555262     -0.000145964415973287      0.012004332153023968
   -166.033171742220559963     -0.000146515308057501      0.012026977835255980
   -165.719012476861593086     -0.000147069357737616      0.012049709174535638
   -165.404853211502597787     -0.000147626589941051      0.012072526615098472
   -165.090693946143630910     -0.000148187029167390      0.012095430600626938
   -164.776534680784635611     -0.000148750699479553      0.012118421574942109
   -164.462375415425668734     -0.000149317624508200      0.012141499982816892
   -164.148216150066701857     -0.000149887827468613      0.012164666270900622
   -163.834056884707706558     -0.000150461331189162      0.012187920888739080
   -163.519897619348739681     -0.000151038158150261      0.012211264289868785
   -163.205738353989744382     -0.000151618330532605      0.012234696932959546
   -162.891579088630777505     -0.000152201870273429      0.012258219282975668
   -162.577419823271782207     -0.000152788799129102      0.012281831812322900
   -162.263260557912815329     -0.000153379138742421      0.012305535001946311
   -161.949101292553848452     -0.000153972910712852      0.012329329342343601
   -161.634942027194853154     -0.000154570136668238      0.012353215334459412
   -161.320782761835886276     -0.000155170838336936      0.012377193490429386
   -161.006623496476890978     -0.000155775037619548      0.012401264334148059
   -160.692464231117924101     -0.000156382756660307      0.012425428401641904
   -160.378304965758928802     -0.000156994017918047      0.012449686241237618
   -160.064145700399961925     -0.000157608844237401      0.012474038413525457
   -159.749986435040966626     -0.000158227258920448      0.012498485491126796
   -159.435827169681999749     -0.000158849285799514      0.012523028058284140
   -159.121667904323032872     -0.000159474949311407      0.012547666710299769
   -158.807508638964037573     -0.000160104274573195      0.012572402052854904
   -158.493349373605070696     -0.000160737287458947      0.012597234701244742
   -158.179190108246075397     -0.000161374014676241      0.012622165279564869
   -157.865030842887108520     -0.000162014483840537      0.012647194419881991
   -157.550871577528113221     -0.000162658723544643      0.012672322761416509
   -157.236712312169146344     -0.000163306763420180      0.012697550949756747
   -156.922553046810179467     -0.000163958634187658      0.012722879636116399
   -156.608393781451184168     -0.000164614367692038      0.012748309476638298
   -156.294234516092217291     -0.000165273996921024      0.012773841131740446
   -155.980075250733221992     -0.000165937556004125      0.012799475265494780
   -155.665915985374255115     -0.000166605080191732      0.012825212545026596
   -155.351756720015259816     -0.000167276605814323      0.012851053639923046
   -155.037597454656292939     -0.000167952170223071      0.012876999221641375
   -154.723438189297297640     -0.000168631811713739      0.012903049962912647
   -154.409278923938330763     -0.000169315569436380      0.012929206537141897
   -154.095119658579363886     -0.000170003483293205      0.012955469617811296
   -153.780960393220368587     -0.000170695593827035      0.012981839877897116
   -153.466801127861401710     -0.000171391942102445      0.013008317989314594
   -153.152641862502406411     -0.000172092569581583      0.013034904622406307
   -152.838482597143439534     -0.000172797517996795      0.013061600445490620
   -152.524323331784444235     -0.000173506829222311      0.013088406124486734
   -152.210164066425477358     -0.000174220545147825      0.013115322322633117
   -151.896004801066510481     -0.000174938707557092      0.013142349700316421
   -151.581845535707515182     -0.000175661358015087      0.013169488915028803
   -151.267686270348548305     -0.000176388537767057      0.013196740621471827
   -150.953527004989553006     -0.000177120287652205      0.013224105471824461
   -150.639367739630586129     -0.000177856648034497      0.013251584116190422
   -150.325208474271590831     -0.000178597658751694      0.013279177203236518
   -150.011049208912623953     -0.000179343359083567      0.013306885381027696
   -149.696889943553628655     -0.000180093787739114      0.013334709298057655
   -149.382730678194661778     -0.000180848982862795      0.013362649604466165
   -149.068571412835694900     -0.000181608982058954      0.013390706953426517
   -148.754412147476699602     -0.000182373822433541      0.013418882002678472
   -148.440252882117732725     -0.000183143540651562      0.013447175416174462
   -148.126093616758737426     -0.000183918173008206      0.013475587865799457
   -147.811934351399770549     -0.000184697755511312      0.013504120033118398
   -147.497775086040775250     -0.000185482323972322      0.013532772611099985
   -147.183615820681808373     -0.000186271914103222      0.013561546305762368
   -146.869456555322841496     -0.000187066561617187      0.013590441837686224
   -146.555297289963846197     -0.000187866302331348      0.013619459943343966
   -146.241138024604879320     -0.000188671172270471      0.013648601376200217
   -145.926978759245884021     -0.000189481207770911      0.013677866907547874
   -145.612819493886917144     -0.000190296445584955      0.013707257327055791
   -145.298660228527921845     -0.000191116922985979      0.013736773443018008
   -144.984500963168954968     -0.000191942677875372      0.013766416082308504
   -144.670341697809959669     -0.000192773748892264      0.013796186090059993
   -144.356182432450992792     -0.000193610175527196      0.013826084329098339
   -144.042023167092025915     -0.000194451998240098      0.013856111679174665
   -143.727863901733030616     -0.000195299258582194      0.013886269036043525
   -143.413704636374063739     -0.000196151999320333      0.013916557310437694
   -143.099545371015068440     -0.000197010264561041      0.013946977426987689
   -142.785386105656101563     -0.000197874099870504      0.013977530323127461
   -142.471226840297106264     -0.000198743552385639      0.014008216948017746
   -142.157067574938139387     -0.000199618670911231      0.014039038261506626
   -141.842908309579172510     -0.000200499505997886      0.014069995233134886
   -141.528749044220177211     -0.000201386109996389      0.014101088841182918
   -141.214589778861210334     -0.000202278537085112      0.014132320071747854
   -140.900430513502215035     -0.000203176843268518      0.014163689917835813
   -140.586271248143248158     -0.000204081086346686      0.014195199378453507
   -140.272111982784252859     -0.000204991325856610      0.014226849457687596
   -139.957952717425285982     -0.000205907622987633      0.014258641163765406
   -139.643793452066290683     -0.000206830040473109      0.014290575508097949
   -139.329634186707323806     -0.000207758642461419      0.014322653504312633
   -139.015474921348356929     -0.000208693494368388      0.014354876167289110
   -138.701315655989361630     -0.000209634662713803      0.014387244512215120
   -138.387156390630394753     -0.000210582214944308      0.014419759553681875
   -138.072997125271399455     -0.000211536219245748      0.014452422304840382
   -137.758837859912432577     -0.000212496744348804      0.014485233776641765
   -137.444678594553437279     -0.000213463859332415      0.014518194977187229
   -137.130519329194470401     -0.000214437633430416      0.014551306911215828
   -136.816360063835503524     -0.000215418135846839      0.014584570579761150
   -136.502200798476508226     -0.000216405435585265      0.014617986980009854
   -136.188041533117541348     -0.000217399601296689      0.014651557105394817
   -135.873882267758546050     -0.000218400701149499      0.014685281945952765
   -135.559723002399579173     -0.000219408802724550      0.014719162488971253
   -135.245563737040583874     -0.000220423972937271      0.014753199719942604
   -134.931404471681616997     -0.000221446277988362      0.014787394623833217
   -134.617245206322621698     -0.000222475783343805      0.014821748186666237
   -134.303085940963654821     -0.000223512553744534      0.014856261397404501
   -133.988926675604687944     -0.000224556653244672      0.014890935250108275
   -133.674767410245692645     -0.000225608145276395      0.014925770746329010
   -133.360608144886725768     -0.000226667092738365      0.014960768897686372
   -133.046448879527730469     -0.000227733558104146      0.014995930728563648
   -132.732289614168763592     -0.000228807603546758      0.015031257278845741
   -132.418130348809768293     -0.000229889291075293      0.015066749606616778
   -132.103971083450801416     -0.000230978682680224      0.015102408790730885
   -131.789811818091834539     -0.000232075840484283      0.015138235933171651
   -131.475652552732839240     -0.000233180826896603      0.015174232161122004
   -131.161493287373872363     -0.000234293704768663      0.015210398628677381
   -130.847334022014877064     -0.000235414537551789      0.015246736518151094
   -130.533174756655910187     -0.000236543389457167      0.015283247040940929
   -130.219015491296914888     -0.000237680325619801      0.015319931437948518
   -129.904856225937948011     -0.000238825412268903      0.015356790979565620
   -129.590696960578952712     -0.000239978716906403      0.015393826965263736
   -129.276537695219985835     -0.000241140308495429      0.015431040722840969
   -128.962378429861018958     -0.000242310257658356      0.015468433607392952
   -128.648219164502023659     -0.000243488636883230      0.015506007000080530
   -128.334059899143056782     -0.000244675520734631      0.015543762306765643
   -128.019900633784061483     -0.000245870986063507      0.015581700956579007
   -127.705741368425094606     -0.000247075112208745      0.015619824400469575
   -127.391582103066113518     -0.000248287981182058      0.015658134109768657
   -127.077422837707132430     -0.000249509677828105      0.015696631574783380
   -126.763263572348151342     -0.000250740289952357      0.015735318303418754
   -126.449104306989170254     -0.000251979908411045      0.015774195819815297
   -126.134945041630189166     -0.000253228627159374      0.015813265662982710
   -125.820785776271208078     -0.000254486543256733      0.015852529385409219
   -125.506626510912241201     -0.000255753756829046      0.015891988551630511
   -125.192467245553260113     -0.000257030370989984      0.015931644736749427
   -124.878307980194279025     -0.000258316491722876      0.015971499524906330
   -124.564148714835297937     -0.000259612227725487      0.016011554507707911
   -124.249989449476316850     -0.000260917690219649      0.016051811282628732
   -123.935830184117335762     -0.000262232992728170      0.016092271451405075
   -123.621670918758354674     -0.000263558250821873      0.016132936618444341
   -123.307511653399373586     -0.000264893581841467      0.016173808389277372
   -122.993352388040406709     -0.000266239104600279      0.016214888369086994
   -122.679193122681425621     -0.000267594939075502      0.016256178161352670
   -122.365033857322444533     -0.000268961206096278      0.016297679366658151
   -122.050874591963463445     -0.000270338027037253      0.016339393581715211
   -121.736715326604482357     -0.000271725523526099      0.016381322398661496
   -121.422556061245501269     -0.000273123817172132      0.016423467404691239
   -121.108396795886520181     -0.000274533029322806      0.016465830182075130
   -120.794237530527539093     -0.000275953280853965      0.016508412308620178
   -120.480078265168572216     -0.000277384691999511      0.016551215358612523
   -120.165918999809591128     -0.000278827382224723      0.016594240904275248
   -119.851759734450610040     -0.000280281470146533      0.016637490517759052
   -119.537600469091628952     -0.000281747073502305      0.016680965773666338
   -119.223441203732647864     -0.000283224309166761      0.016724668252089254
   -118.909281938373666776     -0.000284713293214612      0.016768599542118658
   -118.595122673014685688     -0.000286214141025325      0.016812761245756841
   -118.280963407655704600     -0.000287726967424978      0.016857154982144067
   -117.966804142296737723     -0.000289251886859547      0.016901782391988258
   -117.652644876937756635     -0.000290789013593095      0.016946645142070296
   -117.338485611578775547     -0.000292338461924743      0.016991744929686151
   -117.024326346219794459     -0.000293900346418562      0.017037083486883112
   -116.710167080860813371     -0.000295474782141704      0.017082662584351274
   -116.396007815501832283     -0.000297061884908034      0.017128484034844772
   -116.081848550142851195     -0.000298661771526064      0.017174549696028898
   -115.767689284783870107     -0.000300274560052668      0.017220861472678688
   -115.453530019424903230     -0.000301900370055314      0.017267421318190257
   -115.139370754065922142     -0.000303539322886904      0.017314231235403172
   -114.825211488706941054     -0.000305191541977495      0.017361293276768806
   -114.511052223347959966     -0.000306857153146466      0.017408609543932189
   -114.196892957988978878     -0.000308536284936870      0.017456182186819588
   -113.882733692629997790     -0.000310229068970523      0.017504013402337655
   -113.568574427271016702     -0.000311935640318889      0.017552105432792432
   -113.254415161912035614     -0.000313656137881543      0.017600460564126823
   -112.940255896553068737     -0.000315390704760668      0.017649081124056710
   -112.626096631194087649     -0.000317139488618492      0.017697969480160919
   -112.311937365835106561     -0.000318902642003931      0.017747128037953100
   -111.997778100476125474     -0.000320680322636045      0.017796559238939254
   -111.683618835117144386     -0.000322472693634621      0.017846265558646442
   -111.369459569758163298     -0.000324279923690628      0.017896249504598158
   -111.055300304399182210     -0.000326102187172705      0.017946513614209215
   -110.741141039040201122     -0.000327939664167696      0.017997060452577835
   -110.426981773681234245     -0.000329792540454916      0.018047892610161428
   -110.112822508322253157     -0.000331661007413347      0.018099012700332238
   -109.798663242963272069     -0.000333545261861574      0.018150423356816710
   -109.484503977604290981     -0.000335445505830672      0.018202127231030249
   -109.170344712245309893     -0.000337361946271454      0.018254126989325527
   -108.856185446886328805     -0.000339294794699796      0.018306425310180140
   -108.542026181527347717     -0.000341244266786562      0.018359024881358228
   -108.227866916168366629     -0.000343210581901753      0.018411928397094303
   -107.913707650809399752     -0.000345193962624867      0.018465138555362443
   -107.599548385450418664     -0.000347194634233836      0.018518658055308397
   -107.285389120091437576     -0.000349212824186090      0.018572489594934287
   -106.971229854732456488     -0.000351248761605047      0.018626635869135828
   -106.657070589373475400     -0.000353302676785002      0.018681099568197475
   -106.342911324014494312     -0.000355374800727822      0.018735883376852266
   -106.028752058655513224     -0.000357465364724343      0.018790989974011695
   -105.714592793296532136     -0.000359574599993044      0.018846422033264667
   -105.400433527937565259     -0.000361702737386165      0.018902182224232157
   -105.086274262578584171     -0.000363850007171740      0.018958273214844289
   -104.772114997219603083     -0.000366016638896769      0.019014697674579993
   -104.457955731860621995     -0.000368202861333771      0.019071458278675651
   -104.143796466501640907     -0.000370408902510346      0.019128557713270850
   -103.829637201142659819     -0.000372634989817574      0.019185998681417300
   -103.515477935783678731     -0.000374881350190966      0.019243783909833129
   -103.201318670424697643     -0.000377148210355049      0.019301916156243073
   -102.887159405065730766     -0.000379435797120615      0.019360398217107645
   -102.573000139706749678     -0.000381744337723066      0.019419232935513415
   -102.258840874347768590     -0.000384074060190880      0.019478423208978121
   -101.944681608988787502     -0.000386425193734815      0.019537971996920197
   -101.630522343629806414     -0.000388797969151359      0.019597882327553814
   -101.316363078270825326     -0.000391192619237427      0.019658157303998433
   -101.002203812911844238     -0.000393609379217371      0.019718800109434997
   -100.688044547552863150     -0.000396048487187416      0.019779814011196668
   -100.373885282193896273     -0.000398510184585603      0.019841202363745876
   -100.059726016834915185     -0.000400994716696236      0.019902968610554517
    -99.745566751475934097     -0.000403502333197448      0.019965116284963329
    -99.431407486116953010     -0.000406033288757316      0.020027649010144959
    -99.117248220757971922     -0.000408587843679049      0.020090570498326368
    -98.803088955398990834     -0.000411166264589027      0.020153884549437114
    -98.488929690040009746     -0.000413768825155031      0.020217595049339905
    -98.174770424681028658     -0.000416395806816713      0.020281705967774205
    -97.860611159322061781     -0.000419047499506523      0.020346221356106503
    -97.546451893963080693     -0.000421724202338151      0.020411145344939086
    -97.232292628604099605     -0.000424426224241675      0.020476482141590487
    -96.918133363245118517     -0.000427153884528268      0.020542236027433533
    -96.603974097886137429     -0.000429907513371178      0.020608411355060655
    -96.289814832527156341     -0.000432687452192659      0.020675012545240491
    -95.975655567168175253     -0.000435494053948921      0.020742044083632304
    -95.661496301809194165     -0.000438327683305936      0.020809510517233204
    -95.347337036450227288     -0.000441188716698127      0.020877416450541048
    -95.033177771091246200     -0.000444077542262406      0.020945766541420930
    -94.719018505732265112     -0.000446994559642420      0.021014565496670738
    -94.404859240373284024     -0.000449940179661335      0.021083818067291440
    -94.090699975014302936     -0.000452914823866317      0.021153529043482555
    -93.776540709655321848     -0.000455918923953302      0.021223703249403640
    -93.462381444296340760     -0.000458952921085109      0.021294345537769779
    -93.148222178937359672     -0.000462017265118929      0.021365460784376823
    -92.834062913578392795     -0.000465112413761740      0.021437053882679788
    -92.519903648219411707     -0.000468238831674263      0.021509129738573551
    -92.205744382860430619     -0.000471396989546569      0.021581693265548197
    -91.891585117501449531     -0.000474587363170733      0.021654749380412883
    -91.577425852142468443     -0.000477810432537406      0.021728302999799810
    -91.263266586783487355     -0.000481066680983409      0.021802359037669444
    -90.949107321424506267     -0.000484356594417124      0.021876922404039496
    -90.634948056065525179     -0.000487680660646119      0.021951998005150783
    -90.320788790706558302     -0.000491039368827861      0.022027590745258015
    -90.006629525347577214     -0.000494433209060447      0.022103705530195639
    -89.692470259988596126     -0.000497862672125630      0.022180347272817296
    -89.378310994629615038     -0.000501328249389940      0.022257520900342897
    -89.064151729270633950     -0.000504830432863545      0.022335231363570900
    -88.749992463911652862     -0.000508369715409305      0.022413483647828518
    -88.435833198552671774     -0.000511946591088695      0.022492282785444025
    -88.121673933193690686     -0.000515561555626431      0.022571633869441173
    -87.807514667834723809     -0.000519215106972231      0.022651542068081225
    -87.493355402475742721     -0.000522907745936965      0.022732012639820050
    -87.179196137116761633     -0.000526639976882704      0.022813050948213412
    -86.865036871757780546     -0.000530412308450885      0.022894662476300676
    -86.550877606398799458     -0.000534225254319748      0.022976852840026697
    -86.236718341039818370     -0.000538079333990359      0.023059627800322127
    -85.922559075680837282     -0.000541975073609976      0.023142993273552431
    -85.608399810321856194     -0.000545913006849144      0.023226955340157920
    -85.294240544962889317     -0.000549893675852736      0.023311520251427763
    -84.980081279603908229     -0.000553917632285000      0.023396694434465591
    -84.665922014244927141     -0.000557985438485004      0.023482484495502425
    -84.351762748885946053     -0.000562097668739202      0.023568897221783527
    -84.037603483526964965     -0.000566254910665372      0.023655939582288982
    -83.723444218167983877     -0.000570457766688956      0.023743618727540300
    -83.409284952809002789     -0.000574706855583354      0.023831941988710196
    -83.095125687450021701     -0.000579002814038600      0.023920916876197091
    -82.780966422091054824     -0.000583346298220207      0.024010551077759953
    -82.466807156732073736     -0.000587737985282798      0.024100852456248670
    -82.152647891373092648     -0.000592178574808370      0.024191829046921756
    -81.838488626014111560     -0.000596668790142081      0.024283489054316099
    -81.524329360655130472     -0.000601209379600921      0.024375840848617811
    -81.210170095296149384     -0.000605801117530286      0.024468892961478424
    -80.896010829937168296     -0.000610444805181346      0.024562654081216859
    -80.581851564578187208     -0.000615141271381349      0.024657133047343533
    -80.267692299219220331     -0.000619891372970802      0.024752338844341668
    -79.953533033860239243     -0.000624695994986481      0.024848280594645042
    -79.639373768501258155     -0.000629556050578034      0.024944967550767742
    -79.325214503142277067     -0.000634472480653412      0.025042409086572251
    -79.011055237783295979     -0.000639446253256127      0.025140614687700000
    -78.696895972424314891     -0.000644478362684624      0.025239593941233845
    -78.382736707065333803     -0.000649569828371332      0.025339356524714696
    -78.068577441706352715     -0.000654721693545720      0.025439912194690127
    -77.754418176347385838     -0.000659935023713673      0.025541270775032442
    -77.440258910988404750     -0.000665210904993762      0.025643442145326774
    -77.126099645629423662     -0.000670550442358797      0.025746436229693678
    -76.811940380270442574     -0.000675954757836343      0.025850262986470904
    -76.497781114911461486     -0.000681424988725829      0.025954932399226516
    -76.183621849552480398     -0.000686962285891885      0.026060454469609036
    -75.869462584193499310     -0.000692567812193950      0.026166839212553500
    -75.555303318834518223     -0.000698242741109891      0.026274096654352888
    -75.241144053475551345     -0.000703988255605245      0.026382236834064949
    -74.926984788116570257     -0.000709805547290476      0.026491269808650141
    -74.612825522757589169     -0.000715695815898453      0.026601205662128743
    -74.298666257398608082     -0.000721660269099496      0.026712054518908054
    -73.984506992039626994     -0.000727700122655464      0.026823826561262150
    -73.670347726680645906     -0.000733816600897809      0.026936532050756242
    -73.356188461321664818     -0.000740010937500637      0.027050181353211147
    -73.042029195962683730     -0.000746284376507748      0.027164784966614036
    -72.727869930603716853     -0.000752638173564508      0.027280353551213325
    -72.413710665244735765     -0.000759073597304997      0.027396897960905511
    -72.099551399885754677     -0.000765591930853819      0.027514429274952443
    -71.785392134526773589     -0.000772194473414565      0.027632958829070374
    -71.471232869167792501     -0.000778882541935274      0.027752498245001568
    -71.157073603808811413     -0.000785657472864141      0.027873059457819545
    -70.842914338449830325     -0.000792520624030616      0.027994654740423269
    -70.528755073090849237     -0.000799473376699516      0.028117296724912193
    -70.214595807731882360     -0.000806517137849864      0.028240998420770182
    -69.900436542372901272     -0.000813653342724666      0.028365773230001529
    -69.586277277013920184     -0.000820883457680495      0.028491634959526217
    -69.272118011654939096     -0.000828208983339818      0.028618597831231565
    -68.957958746295958008     -0.000835631458025406      0.028746676490094041
    -68.643799480936976920     -0.000843152461434391      0.028875886010740461
    -68.329640215577995832     -0.000850773618497710      0.029006241902731468
    -68.015480950219014744     -0.000858496603367014      0.029137760114752637
    -67.701321684860047867     -0.000866323143472014      0.029270457037805710
    -67.387162419501066779     -0.000874255023594448      0.029404349507418517
    -67.073003154142085691     -0.000882294089904390      0.029539454804841034
    -66.758843888783104603     -0.000890442253895758      0.029675790657150716
    -66.444684623424123515     -0.000898701496149493      0.029813375236142158
    -66.130525358065142427     -0.000907073869846197      0.029952227155831762
    -65.816366092706161339     -0.000915561503947601      0.030092365468368069
    -65.502206827347180251     -0.000924166605969134      0.030233809658111167
    -65.188047561988213374     -0.000932891464273638      0.030376579633635728
    -64.873888296629232286     -0.000941738449826884      0.030520695717427829
    -64.559729031270251198     -0.000950710017367200      0.030666178633082651
    -64.245569765911270110     -0.000959808705951326      0.030813049489865248
    -63.931410500552289022     -0.000969037138853506      0.030961329764569653
    -63.617251235193307934     -0.000978398022811070      0.031111041280706651
    -63.303091969834333952     -0.000987894146631054      0.031262206185171761
    -62.988932704475352864     -0.000997528379194043      0.031414846922692856
    -62.674773439116371776     -0.001007303666912101      0.031568986208520139
    -62.360614173757390688     -0.001017223030720797      0.031724646999993791
    -62.046454908398416705     -0.001027289562709383      0.031881852467810848
    -61.732295643039435618     -0.001037506422512842      0.032040625967996117
    -61.418136377680454530     -0.001047876833606747      0.032200991015745847
    -61.103977112321473442     -0.001058404079659242      0.032362971262446527
    -60.789817846962499459     -0.001069091501105301      0.032526590477264326
    -60.475658581603518371     -0.001079942492106387      0.032691872534737522
    -60.161499316244537283     -0.001090960498047779      0.032858841409753953
    -59.847340050885556195     -0.001102149013708300      0.033027521181158509
    -59.533180785526582213     -0.001113511582210950      0.033197936045013782
    -59.219021520167601125     -0.001125051794819587      0.033370110338216186
    -58.904862254808620037     -0.001136773291600528      0.033544068572748609
    -58.590702989449638949     -0.001148679762923623      0.033719835480373314
    -58.276543724090664966     -0.001160774951732879      0.033897436067066543
    -57.962384458731683878     -0.001173062656477530      0.034076895675987359
    -57.648225193372702790     -0.001185546734577795      0.034258240057319533
    -57.334065928013721702     -0.001198231106303427      0.034441495442989238
    -57.019906662654747720     -0.001211119758968469      0.034626688624071908
    -56.705747397295766632     -0.001224216751393060      0.034813847028695652
    -56.391588131936785544     -0.001237526218643694      0.035002998798435311
    -56.077428866577804456     -0.001251052377124384      0.035194172861547857
    -55.763269601218830473     -0.001264799530143201      0.035387399001887129
    -55.449110335859849386     -0.001278772074100258      0.035582707922876738
    -55.134951070500868298     -0.001292974505439212      0.035780131306421430
    -54.820791805141887210     -0.001307411428474698      0.035979701867051808
    -54.506632539782913227     -0.001322087564159676      0.036181453401865710
    -54.192473274423932139     -0.001337007759805463      0.036385420836933427
    -53.878314009064951051     -0.001352176999733744      0.036591640270810286
    -53.564154743705969963     -0.001367600416821816      0.036800149015706538
    -53.249995478346995981     -0.001383283304894998      0.037010985636742821
    -52.935836212988014893     -0.001399231131910617      0.037224189989591275
    -52.621676947629033805     -0.001415449553863448      0.037439803256676146
    -52.307517682270052717     -0.001431944429315209      0.037657867981977539
    -51.993358416911078734     -0.001448721834414724      0.037878428104326650
    -51.679199151552097646     -0.001465788078239983      0.038101528988908770
    -51.365039886193116558     -0.001483149718264710      0.038327217456508925
    -51.050880620834135470     -0.001500813575732852      0.038555541809862426
    -50.736721355475161488     -0.001518786750716783      0.038786551856336185
    -50.422562090116180400     -0.001537076636621524      0.039020298926054860
    -50.108402824757199312     -0.001555690933890657      0.039256835884489957
    -49.794243559398218224     -0.001574637662670871      0.039496217138472275
    -49.480084294039244242     -0.001593925174204818      0.039738498634586672
    -49.165925028680263154     -0.001613562160736348      0.039983737848969358
    -48.851765763321282066     -0.001633557663737147      0.040231993767642769
    -48.537606497962300978     -0.001653921080305496      0.040483326856721333
    -48.223447232603326995     -0.001674662167641742      0.040737799022123822
    -47.909287967244345907     -0.001695791045557568      0.040995473558818440
    -47.595128701885364819     -0.001717318197044946      0.041256415090082862
    -47.280969436526383731     -0.001739254467019710      0.041520689497821645
    -46.966810171167409749     -0.001761611059444212      0.041788363845640344
    -46.652650905808428661     -0.001784399533114218      0.042059506297042859
    -46.338491640449447573     -0.001807631796494279      0.042334186031793328
    -46.024332375090466485     -0.001831320102078073      0.042612473164163875
    -45.710173109731492502     -0.001855477040814609      0.042894438667372192
    -45.396013844372511414     -0.001880115537183000      0.043180154308925876
    -45.081854579013530326     -0.001905248845514164      0.043469692601800621
    -44.767695313654549238     -0.001930890548123012      0.043763126776316323
    -44.453536048295575256     -0.001957054555737966      0.044060530777182784
    -44.139376782936594168     -0.001983755110583009      0.044361979289444853
    -43.825217517577613080     -0.002011006792300069      0.044667547795947435
    -43.511058252218631992     -0.002038824526719208      0.044977312667553310
    -43.196898986859658010     -0.002067223597300783      0.045291351285770283
    -42.882739721500676922     -0.002096219658924398      0.045609742195783579
    -42.568580456141695834     -0.002125828753631942      0.045932565286360055
    -42.254421190782714746     -0.002156067327951751      0.046259901991900554
    -41.940261925423740763     -0.002186952251534084      0.046591835511205076
    -41.626102660064759675     -0.002218500837008231      0.046928451037375786
    -41.311943394705778587     -0.002250730861195129      0.047269835993764275
    -40.997784129346797499     -0.002283660588004669      0.047616080271875576
    -40.683624863987823517     -0.002317308793466782      0.047967276468433032
    -40.369465598628842429     -0.002351694793386546      0.048323520120135022
    -40.055306333269861341     -0.002386838474091834      0.048684909935810997
    -39.741147067910880253     -0.002422760326684004      0.049051548026552073
    -39.426987802551906270     -0.002459481485164114      0.049423540134955049
    -39.112828537192925182     -0.002497023768793337      0.049800995864957648
    -38.798669271833944094     -0.002535409729059478      0.050184028913906567
    -38.484510006474963006     -0.002574662701645991      0.050572757308600322
    -38.170350741115989024     -0.002614806863791300      0.050967303647080991
    -37.856191475757007936     -0.002655867297365036      0.051367795347850242
    -37.542032210398026848     -0.002697870057901993      0.051774364907922962
    -37.227872945039045760     -0.002740842249746336      0.052187150170762746
    -36.913713679680071778     -0.002784812107367089      0.052606294604711390
    -36.599554414321090690     -0.002829809082784706      0.053031947592006592
    -36.285395148962109602     -0.002875863938929169      0.053464264727843686
    -35.971235883603128514     -0.002923008848644874      0.053903408128256072
    -35.657076618244154531     -0.002971277498931260      0.054349546744913255
    -35.342917352885173443     -0.003020705199841552      0.054802856684134302
    -35.028758087526192355     -0.003071328997340110      0.055263521526555358
    -34.714598822167211267     -0.003123187789314072      0.055731732643148048
    -34.400439556808237285     -0.003176322443796631      0.056207689502579677
    -34.086280291449256197     -0.003230775918339413      0.056691599964199341
    -33.772121026090275109     -0.003286593379431166      0.057183680550453447
    -33.457961760731294021     -0.003343822320824591      0.057684156692345445
    -33.143802495372320038     -0.003402512679637246      0.058193262941606143
    -32.829643230013338950     -0.003462716949175946      0.058711243143685546
    -32.515483964654357862     -0.003524490287601038      0.059238350566586648
    -32.201324699295376774     -0.003587890621825509      0.059774847982023968
    -31.887165433936399239     -0.003652978746415588      0.060321007697477141
    -31.573006168577421704     -0.003719818417723029      0.060877111540296909
    -31.258846903218440616     -0.003788476444082478      0.061443450798172178
    -30.944687637859463081     -0.003859022773589236      0.062020326123946014
    -30.630528372500481993     -0.003931530581636695      0.062608047416667381
    -30.316369107141504458     -0.004006076361044688      0.063206933694573655
    -30.002209841782523370     -0.004082740018166961      0.063817312979208313
    -29.688050576423545834     -0.004161604978686163      0.064439522212683065
    -29.373891311064564746     -0.004242758306772720      0.065073907231598671
    -29.059732045705587211     -0.004326290840950537      0.065720822820959701
    -28.745572780346606123     -0.004412297349365529      0.066380632869512929
    -28.431413514987628588     -0.004500876706175617      0.067053710644084524
    -28.117254249628647500     -0.004592132089719560      0.067740439194802715
    -27.803094984269669965     -0.004686171202254581      0.068441211896432555
    -27.488935718910688877     -0.004783106510506716      0.069156433124188801
    -27.174776453551711342     -0.004883055506258817      0.069886519056464591
    -26.860617188192730254     -0.004986140986621975      0.070631898592921710
    -26.546457922833752718     -0.005092491354304007      0.071393014374718039
    -26.232298657474771630     -0.005202240938900192      0.072170323894181265
    -25.918139392115794095     -0.005315530340824577      0.072964300683494548
    -25.603980126756813007     -0.005432506799821976      0.073775435575051576
    -25.289820861397835472     -0.005553324590169112      0.074604238029257239
    -24.975661596038854384     -0.005678145444861062      0.075451237528335546
    -24.661502330679876849     -0.005807139011526742      0.076316985037325091
    -24.347343065320895761     -0.005940483343385435      0.077202054536212900
    -24.033183799961918226     -0.006078365429101609      0.078107044629698918
    -23.719024534602937138     -0.006220981766025542      0.079032580243304007
    -23.404865269243959602     -0.006368538982014163      0.079979314416883884
    -23.090706003884978514     -0.006521254511521451      0.080947930208772112
    -22.776546738526000979     -0.006679357332103857      0.081939142725349690
    -22.462387473167019891     -0.006843088768123368      0.082953701292352910
    -22.148228207808042356     -0.007012703369027162      0.083992391785979892
    -21.834068942449061268     -0.007188469869972205      0.085056039143083989
    -21.519909677090083733     -0.007370672243110639      0.086145510070690712
    -21.205750411731102645     -0.007559610848396450      0.087261715976153092
    -20.891591146372125110     -0.007755603693233169      0.088405616140051990
    -20.577431881013144022     -0.007958987810669126      0.089578221154512028
    -20.263272615654166486     -0.008170120766162459      0.090780596649678261
    -19.949113350295185398     -0.008389382303346949      0.092013867330960036
    -19.634954084936207863     -0.008617176139612227      0.093279221349715571
    -19.320794819577226775     -0.008853931922375560      0.094577915029735851
    -19.006635554218249240     -0.009100107356961987      0.095911277971022280
    -18.692476288859268152     -0.009356190517171896      0.097280718551927353
    -18.378317023500290617     -0.009622702349530962      0.098687729850891470
    -18.064157758141309529     -0.009900199381760559      0.100133896009124007
    -17.749998492782331994     -0.010189276645725002      0.101620899055894887
    -17.435839227423350906     -0.010490570825260753      0.103150526220594493
    -17.121679962064373370     -0.010804763638926958      0.104724677760249948
    -16.807520696705392282     -0.011132585467384081      0.106345375336222292
    -16.493361431346414747     -0.011474819235942710      0.108014770982805264
    -16.179202165987433659     -0.011832304563452613      0.109735156723873573
    -15.865042900628456124     -0.012205942188972639      0.111508974909665687
    -15.550883635269475036     -0.012596698688298023      0.113338829365780977
    -15.236724369910497501     -0.013005611492572736      0.115227497471235840
    -14.922565104551516413     -0.013433794219877705      0.117177943310181443
    -14.608405839192538878     -0.013882442327371559      0.119193332072661085
    -14.294246573833557790     -0.014352839084267245      0.121277045912640019
    -13.980087308474580254     -0.014846361852955590      0.123432701504005538
    -13.665928043115599166     -0.015364488645021917      0.125664169566248762
    -13.351768777756621631     -0.015908804889068900      0.127975596659721746
    -13.037609512397640543     -0.016481010305761781      0.130371429578894138
    -12.723450247038663008     -0.017082925727111231      0.132856442700866939
    -12.409290981679681920     -0.017716499617720392      0.135435768675938151
    -12.095131716320704385     -0.018383813949924534      0.138114932884292635
    -11.780972450961723297     -0.019087088941393431      0.140899892131789051
    -11.466813185602745762     -0.019828685968675888      0.143797078121316341
    -11.152653920243764674     -0.020611107703848643      0.146813446315980978
    -10.838494654884787138     -0.021436994159611360      0.149956530910863139
    -10.524335389525806050     -0.022309112835652359      0.153234506760607903
    -10.210176124166828515     -0.023230340485384346      0.156656259278044108
     -9.896016858807847427     -0.024203633099920741      0.160231463535797480
     -9.581857593448869892     -0.025231979442088139      0.163970674089694346
     -9.267698328089888804     -0.026318331725170358      0.167885427430177203
     -8.953539062730911269     -0.027465504632261661      0.171988359499147286
     -8.639379797371930181     -0.028676030549750847      0.176293341445562773
     -8.325220532012952646     -0.029951954271294712      0.180815637827696385
     -8.011061266653971558     -0.031294543985535099      0.185572092938761590
     -7.696902001294993134     -0.032703886331121236      0.190581353034972645
     -7.382742735936013823     -0.034178320585015062      0.195864135268612349
     -7.068583470577034511     -0.035713649043035242      0.201443558477668538
     -6.754424205218055199     -0.037302035005608247      0.207345557225421501
     -6.440264939859075888     -0.038930463012953762      0.213599409370553994
     -6.126105674500096576     -0.040578582862175971      0.220238419919942308
     -5.811946409141117265     -0.042215681554446785      0.227300820980106344
     -5.497787143782137953     -0.043796413431237302      0.234830969958013364
     -5.183627878423158641     -0.045254749157748790      0.242880955026533674
     -4.869468613064179330     -0.046495348150050686      0.251512743454410659
     -4.555309347705200018     -0.047381166243379388      0.260801019593376149
     -4.241150082346220707     -0.047715496964472179      0.270836815344948190
     -3.926990816987241395     -0.047215668351042531      0.281731839494703373
     -3.612831551628262083     -0.045474034485633572      0.293622832931287381
     -3.298672286269282772     -0.041899300490440598      0.306673774585779157
     -2.984513020910303460     -0.035626943737372310      0.321070071566495419
     -2.670353755551324149     -0.025380664642455905      0.336989992665683302
     -2.356194490192344837     -0.009257025882420430      0.354517421422431978
     -2.042035224833365525      0.015603397564585439      0.373409683374907320
     -1.727875959474386214      0.053478565717720444      0.392517127520362608
     -1.413716694115406902      0.110533128532955355      0.408399894470070302
     -1.099557428756427591      0.194497951779000477      0.412292714094148360
     -0.785398163397448279      0.310575060907703537      0.384820460200405501
     -0.471238898038468967      0.446785945711183352      0.293253269979010800
     -0.157079632679489656      0.550770457031051652      0.113468479049617460
      0.157079632679489656      0.550770457031051652     -0.113468479049617418
      0.471238898038468967      0.446785945711183352     -0.293253269979010800
      0.785398163397448279      0.310575060907703537     -0.384820460200405556
      1.099557428756427591      0.194497951779000422     -0.412292714094148305
      1.413716694115406902      0.110533128532951025     -0.408399894470068747
      1.727875959474386214      0.053478565717720444     -0.392517127520362608
      2.042035224833365525      0.015603397564585439     -0.373409683374907320
      2.356194490192344837     -0.009257025882420430     -0.354517421422431978
      2.670353755551324149     -0.025380664642455891     -0.336989992665683191
      2.984513020910303460     -0.035626943737372338     -0.321070071566495419
      3.298672286269282772     -0.041899300490440591     -0.306673774585779157
      3.612831551628262083     -0.045474034485633683     -0.293622832931287769
      3.926990816987241395     -0.047215668351042392     -0.281731839494703484
      4.241150082346220707     -0.047715496964472151     -0.270836815344948134
      4.555309347705200018     -0.047381166243379388     -0.260801019593376149
      4.869468613064179330     -0.046495348150050742     -0.251512743454410714
      5.183627878423158641     -0.045254749157748797     -0.242880955026533646
      5.497787143782137953     -0.043796413431237316     -0.234830969958013391
      5.811946409141117265     -0.042215681554446799     -0.227300820980106344
      6.126105674500096576     -0.040578582862175964     -0.220238419919942280
      6.440264939859075888     -0.038930463012953748     -0.213599409370553939
      6.754424205218055199     -0.037302035005608219     -0.207345557225421528
      7.068583470577034511     -0.035713649043035221     -0.201443558477668566
      7.382742735936013823     -0.034178320585015062     -0.195864135268612349
      7.696902001294993134     -0.032703886331121236     -0.190581353034972645
      8.011061266653971558     -0.031294543985535092     -0.185572092938761590
      8.325220532012952646     -0.029951954271294712     -0.180815637827696385
      8.639379797371930181     -0.028676030549750847     -0.176293341445562773
      8.953539062730911269     -0.027465504632261668     -0.171988359499147259
      9.267698328089888804     -0.026318331725170348     -0.167885427430177231
      9.581857593448869892     -0.025231979442088145     -0.163970674089694346
      9.896016858807847427     -0.024203633099920747     -0.160231463535797536
     10.210176124166828515     -0.023230340485384346     -0.156656259278044108
     10.524335389525806050     -0.022309112835652366     -0.153234506760607903
     10.838494654884787138     -0.021436994159611360     -0.149956530910863139
     11.152653920243764674     -0.020611107703848643     -0.146813446315980978
     11.466813185602745762     -0.019828685968675888     -0.143797078121316341
     11.780972450961723297     -0.019087088941393431     -0.140899892131789051
     12.095131716320704385     -0.018383813949924534     -0.138114932884292635
     12.409290981679681920     -0.017716499617720399     -0.135435768675938151
     12.723450247038663008     -0.017082925727111231     -0.132856442700866939
     13.037609512397640543     -0.016481010305761785     -0.130371429578894138
     13.351768777756621631     -0.015908804889068900     -0.127975596659721746
     13.665928043115599166     -0.015364488645021913     -0.125664169566248762
     13.980087308474580254     -0.014846361852955584     -0.123432701504005538
     14.294246573833557790     -0.014352839084267243     -0.121277045912640047
     14.608405839192538878     -0.013882442327371559     -0.119193332072661071
     14.922565104551516413     -0.013433794219877705     -0.117177943310181443
     15.236724369910497501     -0.013005611492572736     -0.115227497471235840
     15.550883635269475036     -0.012596698688298023     -0.113338829365780963
     15.865042900628456124     -0.012205942188972639     -0.111508974909665687
     16.179202165987433659     -0.011832304563452613     -0.109735156723873573
     16.493361431346414747     -0.011474819235942710     -0.108014770982805264
     16.807520696705392282     -0.011132585467384078     -0.106345375336222292
     17.121679962064373370     -0.010804763638926958     -0.104724677760249962
     17.435839227423350906     -0.010490570825260753     -0.103150526220594493
     17.749998492782331994     -0.010189276645725002     -0.101620899055894887
     18.064157758141309529     -0.009900199381760559     -0.100133896009124007
     18.378317023500290617     -0.009622702349530962     -0.098687729850891470
     18.692476288859268152     -0.009356190517171896     -0.097280718551927353
     19.006635554218249240     -0.009100107356961987     -0.095911277971022280
     19.320794819577226775     -0.008853931922375559     -0.094577915029735851
     19.634954084936207863     -0.008617176139612227     -0.093279221349715571
     19.949113350295185398     -0.008389382303346949     -0.092013867330960036
     20.263272615654166486     -0.008170120766162459     -0.090780596649678247
     20.577431881013144022     -0.007958987810669125     -0.089578221154512042
     20.891591146372125110     -0.007755603693233169     -0.088405616140051990
     21.205750411731102645     -0.007559610848396450     -0.087261715976153092
     21.519909677090083733     -0.007370672243110639     -0.086145510070690712
     21.834068942449061268     -0.007188469869972203     -0.085056039143083975
     22.148228207808042356     -0.007012703369027162     -0.083992391785979892
     22.462387473167019891     -0.006843088768123368     -0.082953701292352910
     22.776546738526000979     -0.006679357332103857     -0.081939142725349690
     23.090706003884978514     -0.006521254511521451     -0.080947930208772112
     23.404865269243959602     -0.006368538982014163     -0.079979314416883884
     23.719024534602937138     -0.006220981766025542     -0.079032580243304007
     24.033183799961918226     -0.006078365429101609     -0.078107044629698918
     24.347343065320895761     -0.005940483343385435     -0.077202054536212900
     24.661502330679876849     -0.005807139011526742     -0.076316985037325091
     24.975661596038854384     -0.005678145444861062     -0.075451237528335546
     25.289820861397835472     -0.005553324590169112     -0.074604238029257253
     25.603980126756813007     -0.005432506799821976     -0.073775435575051576
     25.918139392115794095     -0.005315530340824577     -0.072964300683494548
     26.232298657474771630     -0.005202240938900192     -0.072170323894181265
     26.546457922833752718     -0.005092491354304007     -0.071393014374718039
     26.860617188192730254     -0.004986140986621975     -0.070631898592921710
     27.174776453551711342     -0.004883055506258817     -0.069886519056464591
     27.488935718910688877     -0.004783106510506716     -0.069156433124188801
     27.803094984269669965     -0.004686171202254581     -0.068441211896432555
     28.117254249628647500     -0.004592132089719560     -0.067740439194802715
     28.431413514987628588     -0.004500876706175617     -0.067053710644084524
     28.745572780346606123     -0.004412297349365529     -0.066380632869512929
     29.059732045705587211     -0.004326290840950537     -0.065720822820959701
     29.373891311064564746     -0.004242758306772720     -0.065073907231598671
     29.688050576423545834     -0.004161604978686163     -0.064439522212683065
     30.002209841782523370     -0.004082740018166961     -0.063817312979208313
     30.316369107141504458     -0.004006076361044688     -0.063206933694573655
     30.630528372500481993     -0.003931530581636695     -0.062608047416667381
     30.944687637859463081     -0.003859022773589236     -0.062020326123946014
     31.258846903218440616     -0.003788476444082478     -0.061443450798172178
     31.573006168577421704     -0.003719818417723028     -0.060877111540296916
     31.887165433936399239     -0.003652978746415588     -0.060321007697477141
     32.201324699295376774     -0.003587890621825509     -0.059774847982023968
     32.515483964654357862     -0.003524490287601038     -0.059238350566586648
     32.829643230013338950     -0.003462716949175946     -0.058711243143685546
     33.143802495372320038     -0.003402512679637246     -0.058193262941606143
     33.457961760731294021     -0.003343822320824591     -0.057684156692345445
     33.772121026090275109     -0.003286593379431166     -0.057183680550453447
     34.086280291449256197     -0.003230775918339413     -0.056691599964199341
     34.400439556808237285     -0.003176322443796631     -0.056207689502579677
     34.714598822167211267     -0.003123187789314072     -0.055731732643148048
     35.028758087526192355     -0.003071328997340110     -0.055263521526555358
     35.342917352885173443     -0.003020705199841552     -0.054802856684134302
     35.657076618244154531     -0.002971277498931260     -0.054349546744913255
     35.971235883603128514     -0.002923008848644874     -0.053903408128256072
     36.285395148962109602     -0.002875863938929169     -0.053464264727843686
     36.599554414321090690     -0.002829809082784706     -0.053031947592006592
     36.913713679680071778     -0.002784812107367089     -0.052606294604711390
     37.227872945039045760     -0.002740842249746336     -0.052187150170762746
     37.542032210398026848     -0.002697870057901993     -0.051774364907922962
     37.856191475757007936     -0.002655867297365036     -0.051367795347850242
     38.170350741115989024     -0.002614806863791300     -0.050967303647080991
     38.484510006474963006     -0.002574662701645991     -0.050572757308600322
     38.798669271833944094     -0.002535409729059478     -0.050184028913906567
     39.112828537192925182     -0.002497023768793337     -0.049800995864957648
     39.426987802551906270     -0.002459481485164114     -0.049423540134955049
     39.741147067910880253     -0.002422760326684004     -0.049051548026552073
     40.055306333269861341     -0.002386838474091834     -0.048684909935810997
     40.369465598628842429     -0.002351694793386546     -0.048323520120135022
     40.683624863987823517     -0.002317308793466781     -0.047967276468433032
     40.997784129346797499     -0.002283660588004669     -0.047616080271875576
     41.311943394705778587     -0.002250730861195129     -0.047269835993764275
     41.626102660064759675     -0.002218500837008231     -0.046928451037375786
     41.940261925423740763     -0.002186952251534084     -0.046591835511205076
     42.254421190782714746     -0.002156067327951751     -0.046259901991900554
     42.568580456141695834     -0.002125828753631942     -0.045932565286360055
     42.882739721500676922     -0.002096219658924398     -0.045609742195783579
     43.196898986859658010     -0.002067223597300783     -0.045291351285770283
     43.511058252218631992     -0.002038824526719208     -0.044977312667553310
     43.825217517577613080     -0.002011006792300069     -0.044667547795947435
     44.139376782936594168     -0.001983755110583009     -0.044361979289444853
     44.453536048295575256     -0.001957054555737966     -0.044060530777182784
     44.767695313654549238     -0.001930890548123012     -0.043763126776316323
     45.081854579013530326     -0.001905248845514164     -0.043469692601800621
     45.396013844372511414     -0.001880115537183000     -0.043180154308925876
     45.710173109731492502     -0.001855477040814609     -0.042894438667372192
     46.024332375090466485     -0.001831320102078073     -0.042612473164163875
     46.338491640449447573     -0.001807631796494279     -0.042334186031793328
     46.652650905808428661     -0.001784399533114218     -0.042059506297042859
     46.966810171167409749     -0.001761611059444212     -0.041788363845640344
     47.280969436526383731     -0.001739254467019710     -0.041520689497821645
     47.595128701885364819     -0.001717318197044946     -0.041256415090082862
     47.909287967244345907     -0.001695791045557568     -0.040995473558818440
     48.223447232603326995     -0.001674662167641742     -0.040737799022123822
     48.537606497962300978     -0.001653921080305496     -0.040483326856721333
     48.851765763321282066     -0.001633557663737147     -0.040231993767642769
     49.165925028680263154     -0.001613562160736348     -0.039983737848969358
     49.480084294039244242     -0.001593925174204818     -0.039738498634586672
     49.794243559398218224     -0.001574637662670871     -0.039496217138472275
     50.108402824757199312     -0.001555690933890657     -0.039256835884489957
     50.422562090116180400     -0.001537076636621524     -0.039020298926054860
     50.736721355475161488     -0.001518786750716783     -0.038786551856336185
     51.050880620834135470     -0.001500813575732852     -0.038555541809862426
     51.365039886193116558     -0.001483149718264710     -0.038327217456508925
     51.679199151552097646     -0.001465788078239983     -0.038101528988908770
     51.993358416911078734     -0.001448721834414724     -0.037878428104326650
     52.307517682270052717     -0.001431944429315209     -0.037657867981977539
     52.621676947629033805     -0.001415449553863448     -0.037439803256676146
     52.935836212988014893     -0.001399231131910617     -0.037224189989591275
     53.249995478346995981     -0.001383283304894998     -0.037010985636742821
     53.564154743705969963     -0.001367600416821816     -0.036800149015706538
     53.878314009064951051     -0.001352176999733744     -0.036591640270810286
     54.192473274423932139     -0.001337007759805463     -0.036385420836933427
     54.506632539782913227     -0.001322087564159676     -0.036181453401865710
     54.820791805141887210     -0.001307411428474698     -0.035979701867051808
     55.134951070500868298     -0.001292974505439212     -0.035780131306421430
     55.449110335859849386     -0.001278772074100258     -0.035582707922876738
     55.763269601218830473     -0.001264799530143201     -0.035387399001887129
     56.077428866577804456     -0.001251052377124384     -0.035194172861547857
     56.391588131936785544     -0.001237526218643694     -0.035002998798435311
     56.705747397295766632     -0.001224216751393060     -0.034813847028695652
     57.019906662654747720     -0.001211119758968469     -0.034626688624071908
     57.334065928013721702     -0.001198231106303427     -0.034441495442989238
     57.648225193372702790     -0.001185546734577795     -0.034258240057319533
     57.962384458731683878     -0.001173062656477530     -0.034076895675987359
     58.276543724090664966     -0.001160774951732879     -0.033897436067066543
     58.590702989449638949     -0.001148679762923623     -0.033719835480373314
     58.904862254808620037     -0.001136773291600528     -0.033544068572748609
     59.219021520167601125     -0.001125051794819587     -0.033370110338216186
     59.533180785526582213     -0.001113511582210950     -0.033197936045013782
     59.847340050885556195     -0.001102149013708300     -0.033027521181158509
     60.161499316244537283     -0.001090960498047779     -0.032858841409753953
     60.475658581603518371     -0.001079942492106387     -0.032691872534737522
     60.789817846962499459     -0.001069091501105301     -0.032526590477264326
     61.103977112321473442     -0.001058404079659242     -0.032362971262446527
     61.418136377680454530     -0.001047876833606747     -0.032200991015745847
     61.732295643039435618     -0.001037506422512842     -0.032040625967996117
     62.046454908398416705     -0.001027289562709383     -0.031881852467810848
     62.360614173757390688     -0.001017223030720797     -0.031724646999993791
     62.674773439116371776     -0.001007303666912101     -0.031568986208520139
     62.988932704475352864     -0.000997528379194043     -0.031414846922692856
     63.303091969834333952     -0.000987894146631054     -0.031262206185171761
     63.617251235193307934     -0.000978398022811070     -0.031111041280706651
     63.931410500552289022     -0.000969037138853506     -0.030961329764569653
     64.245569765911270110     -0.000959808705951326     -0.030813049489865248
     64.559729031270251198     -0.000950710017367200     -0.030666178633082651
     64.873888296629232286     -0.000941738449826884     -0.030520695717427829
     65.188047561988213374     -0.000932891464273638     -0.030376579633635728
     65.502206827347180251     -0.000924166605969134     -0.030233809658111167
     65.816366092706161339     -0.000915561503947601     -0.030092365468368069
     66.130525358065142427     -0.000907073869846197     -0.029952227155831762
     66.444684623424123515     -0.000898701496149493     -0.029813375236142158
     66.758843888783104603     -0.000890442253895758     -0.029675790657150716
     67.073003154142085691     -0.000882294089904390     -0.029539454804841034
     67.387162419501066779     -0.000874255023594448     -0.029404349507418517
     67.701321684860047867     -0.000866323143472014     -0.029270457037805710
     68.015480950219014744     -0.000858496603367014     -0.029137760114752637
     68.329640215577995832     -0.000850773618497710     -0.029006241902731468
     68.643799480936976920     -0.000843152461434391     -0.028875886010740461
     68.957958746295958008     -0.000835631458025406     -0.028746676490094041
     69.272118011654939096     -0.000828208983339818     -0.028618597831231565
     69.586277277013920184     -0.000820883457680495     -0.028491634959526217
     69.900436542372901272     -0.000813653342724666     -0.028365773230001529
     70.214595807731882360     -0.000806517137849864     -0.028240998420770182
     70.528755073090849237     -0.000799473376699516     -0.028117296724912193
     70.842914338449830325     -0.000792520624030616     -0.027994654740423269
     71.157073603808811413     -0.000785657472864141     -0.027873059457819545
     71.471232869167792501     -0.000778882541935274     -0.027752498245001568
     71.785392134526773589     -0.000772194473414565     -0.027632958829070374
     72.099551399885754677     -0.000765591930853819     -0.027514429274952443
     72.413710665244735765     -0.000759073597304997     -0.027396897960905511
     72.727869930603716853     -0.000752638173564508     -0.027280353551213325
     73.042029195962683730     -0.000746284376507748     -0.027164784966614036
     73.356188461321664818     -0.000740010937500637     -0.027050181353211147
     73.670347726680645906     -0.000733816600897809     -0.026936532050756242
     73.984506992039626994     -0.000727700122655464     -0.026823826561262150
     74.298666257398608082     -0.000721660269099496     -0.026712054518908054
     74.612825522757589169     -0.000715695815898453     -0.026601205662128743
     74.926984788116570257     -0.000709805547290476     -0.026491269808650141
     75.241144053475551345     -0.000703988255605245     -0.026382236834064949
     75.555303318834518223     -0.000698242741109891     -0.026274096654352888
     75.869462584193499310     -0.000692567812193950     -0.026166839212553500
     76.183621849552480398     -0.000686962285891885     -0.026060454469609036
     76.497781114911461486     -0.000681424988725829     -0.025954932399226516
     76.811940380270442574     -0.000675954757836343     -0.025850262986470904
     77.126099645629423662     -0.000670550442358797     -0.025746436229693678
     77.440258910988404750     -0.000665210904993762     -0.025643442145326774
     77.754418176347385838     -0.000659935023713673     -0.025541270775032442
     78.068577441706352715     -0.000654721693545720     -0.025439912194690127
     78.382736707065333803     -0.000649569828371332     -0.025339356524714696
     78.696895972424314891     -0.000644478362684624     -0.025239593941233845
     79.011055237783295979     -0.000639446253256127     -0.025140614687700000
     79.325214503142277067     -0.000634472480653412     -0.025042409086572251
     79.639373768501258155     -0.000629556050578034     -0.024944967550767742
     79.953533033860239243     -0.000624695994986481     -0.024848280594645042
     80.267692299219220331     -0.000619891372970802     -0.024752338844341668
     80.581851564578187208     -0.000615141271381349     -0.024657133047343533
     80.896010829937168296     -0.000610444805181346     -0.024562654081216859
     81.210170095296149384     -0.000605801117530286     -0.024468892961478424
     81.524329360655130472     -0.000601209379600921     -0.024375840848617811
     81.838488626014111560     -0.000596668790142081     -0.024283489054316099
     82.152647891373092648     -0.000592178574808370     -0.024191829046921756
     82.466807156732073736     -0.000587737985282798     -0.024100852456248670
     82.780966422091054824     -0.000583346298220207     -0.024010551077759953
     83.095125687450021701     -0.000579002814038600     -0.023920916876197091
     83.409284952809002789     -0.000574706855583354     -0.023831941988710196
     83.723444218167983877     -0.000570457766688956     -0.023743618727540300
     84.037603483526964965     -0.000566254910665372     -0.023655939582288982
     84.351762748885946053     -0.000562097668739202     -0.023568897221783527
     84.665922014244927141     -0.000557985438485004     -0.023482484495502425
     84.980081279603908229     -0.000553917632285000     -0.023396694434465591
     85.294240544962889317     -0.000549893675852736     -0.023311520251427763
     85.608399810321856194     -0.000545913006849144     -0.023226955340157920
     85.922559075680837282     -0.000541975073609976     -0.023142993273552431
     86.236718341039818370     -0.000538079333990359     -0.023059627800322127
     86.550877606398799458     -0.000534225254319748     -0.022976852840026697
     86.865036871757780546     -0.000530412308450885     -0.022894662476300676
     87.179196137116761633     -0.000526639976882704     -0.022813050948213412
     87.493355402475742721     -0.000522907745936965     -0.022732012639820050
     87.807514667834723809     -0.000519215106972231     -0.022651542068081225
     88.121673933193690686     -0.000515561555626431     -0.022571633869441173
     88.435833198552671774     -0.000511946591088695     -0.022492282785444025
     88.749992463911652862     -0.000508369715409305     -0.022413483647828518
     89.064151729270633950     -0.000504830432863545     -0.022335231363570900
     89.378310994629615038     -0.000501328249389940     -0.022257520900342897
     89.692470259988596126     -0.000497862672125630     -0.022180347272817296
     90.006629525347577214     -0.000494433209060447     -0.022103705530195639
     90.320788790706558302     -0.000491039368827861     -0.022027590745258015
     90.634948056065525179     -0.000487680660646119     -0.021951998005150783
     90.949107321424506267     -0.000484356594417124     -0.021876922404039496
     91.263266586783487355     -0.000481066680983409     -0.021802359037669444
     91.577425852142468443     -0.000477810432537406     -0.021728302999799810
     91.891585117501449531     -0.000474587363170733     -0.021654749380412883
     92.205744382860430619     -0.000471396989546569     -0.021581693265548197
     92.519903648219411707     -0.000468238831674263     -0.021509129738573551
     92.834062913578392795     -0.000465112413761740     -0.021437053882679788
     93.148222178937359672     -0.000462017265118929     -0.021365460784376823
     93.462381444296340760     -0.000458952921085109     -0.021294345537769779
     93.776540709655321848     -0.000455918923953302     -0.021223703249403640
     94.090699975014302936     -0.000452914823866317     -0.021153529043482555
     94.404859240373284024     -0.000449940179661335     -0.021083818067291440
     94.719018505732265112     -0.000446994559642420     -0.021014565496670738
     95.033177771091246200     -0.000444077542262406     -0.020945766541420930
     95.347337036450227288     -0.000441188716698127     -0.020877416450541048
     95.661496301809194165     -0.000438327683305936     -0.020809510517233204
     95.975655567168175253     -0.000435494053948921     -0.020742044083632304
     96.289814832527156341     -0.000432687452192659     -0.020675012545240491
     96.603974097886137429     -0.000429907513371178     -0.020608411355060655
     96.918133363245118517     -0.000427153884528268     -0.020542236027433533
     97.232292628604099605     -0.000424426224241675     -0.020476482141590487
     97.546451893963080693     -0.000421724202338151     -0.020411145344939086
     97.860611159322061781     -0.000419047499506523     -0.020346221356106503
     98.174770424681028658     -0.000416395806816713     -0.020281705967774205
     98.488929690040009746     -0.000413768825155031     -0.020217595049339905
     98.803088955398990834     -0.000411166264589027     -0.020153884549437114
     99.117248220757971922     -0.000408587843679049     -0.020090570498326368
     99.431407486116953010     -0.000406033288757316     -0.020027649010144959
     99.745566751475934097     -0.000403502333197448     -0.019965116284963329
    100.059726016834915185     -0.000400994716696236     -0.019902968610554517
    100.373885282193896273     -0.000398510184585603     -0.019841202363745876
    100.688044547552863150     -0.000396048487187416     -0.019779814011196668
    101.002203812911844238     -0.000393609379217371     -0.019718800109434997
    101.316363078270825326     -0.000391192619237427     -0.019658157303998433
    101.630522343629806414     -0.000388797969151359     -0.019597882327553814
    101.944681608988787502     -0.000386425193734815     -0.019537971996920197
    102.258840874347768590     -0.000384074060190880     -0.019478423208978121
    102.573000139706749678     -0.000381744337723066     -0.019419232935513415
    102.887159405065730766     -0.000379435797120615     -0.019360398217107645
    103.201318670424697643     -0.000377148210355049     -0.019301916156243073
    103.515477935783678731     -0.000374881350190966     -0.019243783909833129
    103.829637201142659819     -0.000372634989817574     -0.019185998681417300
    104.143796466501640907     -0.000370408902510346     -0.019128557713270850
    104.457955731860621995     -0.000368202861333771     -0.019071458278675651
    104.772114997219603083     -0.000366016638896769     -0.019014697674579993
    105.086274262578584171     -0.000363850007171740     -0.018958273214844289
    105.400433527937565259     -0.000361702737386165     -0.018902182224232157
    105.714592793296532136     -0.000359574599993044     -0.018846422033264667
    106.028752058655513224     -0.000357465364724343     -0.018790989974011695
    106.342911324014494312     -0.000355374800727822     -0.018735883376852266
    106.657070589373475400     -0.000353302676785002     -0.018681099568197475
    106.971229854732456488     -0.000351248761605047     -0.018626635869135828
    107.285389120091437576     -0.000349212824186090     -0.018572489594934287
    107.599548385450418664     -0.000347194634233836     -0.018518658055308397
    107.913707650809399752     -0.000345193962624867     -0.018465138555362443
    108.227866916168366629     -0.000343210581901753     -0.018411928397094303
    108.542026181527347717     -0.000341244266786562     -0.018359024881358228
    108.856185446886328805     -0.000339294794699796     -0.018306425310180140
    109.170344712245309893     -0.000337361946271454     -0.018254126989325527
    109.484503977604290981     -0.000335445505830672     -0.018202127231030249
    109.798663242963272069     -0.000333545261861574     -0.018150423356816710
    110.112822508322253157     -0.000331661007413347     -0.018099012700332238
    110.426981773681234245     -0.000329792540454916     -0.018047892610161428
    110.741141039040201122     -0.000327939664167696     -0.017997060452577835
    111.055300304399182210     -0.000326102187172705     -0.017946513614209215
    111.369459569758163298     -0.000324279923690628     -0.017896249504598158
    111.683618835117144386     -0.000322472693634621     -0.017846265558646442
    111.997778100476125474     -0.000320680322636045     -0.017796559238939254
    112.311937365835106561     -0.000318902642003931     -0.017747128037953100
    112.626096631194087649     -0.000317139488618492     -0.017697969480160919
    112.940255896553068737     -0.000315390704760668     -0.017649081124056710
    113.254415161912035614     -0.000313656137881543     -0.017600460564126823
    113.568574427271016702     -0.000311935640318889     -0.017552105432792432
    113.882733692629997790     -0.000310229068970523     -0.017504013402337655
    114.196892957988978878     -0.000308536284936870     -0.017456182186819588
    114.511052223347959966     -0.000306857153146466     -0.017408609543932189
    114.825211488706941054     -0.000305191541977495     -0.017361293276768806
    115.139370754065922142     -0.000303539322886904     -0.017314231235403172
    115.453530019424903230     -0.000301900370055314     -0.017267421318190257
    115.767689284783870107     -0.000300274560052668     -0.017220861472678688
    116.081848550142851195     -0.000298661771526064     -0.017174549696028898
    116.396007815501832283     -0.000297061884908034     -0.017128484034844772
    116.710167080860813371     -0.000295474782141704     -0.017082662584351274
    117.024326346219794459     -0.000293900346418562     -0.017037083486883112
    117.338485611578775547     -0.000292338461924743     -0.016991744929686151
    117.652644876937756635     -0.000290789013593095     -0.016946645142070296
    117.966804142296737723     -0.000289251886859547     -0.016901782391988258
    118.280963407655704600     -0.000287726967424978     -0.016857154982144067
    118.595122673014685688     -0.000286214141025325     -0.016812761245756841
    118.909281938373666776     -0.000284713293214612     -0.016768599542118658
    119.223441203732647864     -0.000283224309166761     -0.016724668252089254
    119.537600469091628952     -0.000281747073502305     -0.016680965773666338
    119.851759734450610040     -0.000280281470146533     -0.016637490517759052
    120.165918999809591128     -0.000278827382224723     -0.016594240904275248
    120.480078265168572216     -0.000277384691999511     -0.016551215358612523
    120.794237530527539093     -0.000275953280853965     -0.016508412308620178
    121.108396795886520181     -0.000274533029322806     -0.016465830182075130
    121.422556061245501269     -0.000273123817172132     -0.016423467404691239
    121.736715326604482357     -0.000271725523526099     -0.016381322398661496
    122.050874591963463445     -0.000270338027037253     -0.016339393581715211
    122.365033857322444533     -0.000268961206096278     -0.016297679366658151
    122.679193122681425621     -0.000267594939075502     -0.016256178161352670
    122.993352388040406709     -0.000266239104600279     -0.016214888369086994
    123.307511653399373586     -0.000264893581841467     -0.016173808389277369
    123.621670918758354674     -0.000263558250821873     -0.016132936618444341
    123.935830184117335762     -0.000262232992728170     -0.016092271451405075
    124.249989449476316850     -0.000260917690219649     -0.016051811282628732
    124.564148714835297937     -0.000259612227725487     -0.016011554507707911
    124.878307980194279025     -0.000258316491722876     -0.015971499524906330
    125.192467245553260113     -0.000257030370989984     -0.015931644736749427
    125.506626510912241201     -0.000255753756829046     -0.015891988551630511
    125.820785776271208078     -0.000254486543256733     -0.015852529385409219
    126.134945041630189166     -0.000253228627159374     -0.015813265662982710
    126.449104306989170254     -0.000251979908411045     -0.015774195819815297
    126.763263572348151342     -0.000250740289952357     -0.015735318303418754
    127.077422837707132430     -0.000249509677828105     -0.015696631574783380
    127.391582103066113518     -0.000248287981182058     -0.015658134109768657
    127.705741368425094606     -0.000247075112208745     -0.015619824400469575
    128.019900633784061483     -0.000245870986063507     -0.015581700956579007
    128.334059899143056782     -0.000244675520734631     -0.015543762306765643
    128.648219164502023659     -0.000243488636883230     -0.015506007000080530
    128.962378429861018958     -0.000242310257658356     -0.015468433607392952
    129.276537695219985835     -0.000241140308495429     -0.015431040722840969
    129.590696960578952712     -0.000239978716906403     -0.015393826965263736
    129.904856225937948011     -0.000238825412268903     -0.015356790979565620
    130.219015491296914888     -0.000237680325619801     -0.015319931437948518
    130.533174756655910187     -0.000236543389457167     -0.015283247040940929
    130.847334022014877064     -0.000235414537551789     -0.015246736518151094
    131.161493287373872363     -0.000234293704768663     -0.015210398628677381
    131.475652552732839240     -0.000233180826896603     -0.015174232161122004
    131.789811818091834539     -0.000232075840484283     -0.015138235933171651
    132.103971083450801416     -0.000230978682680224     -0.015102408790730885
    132.418130348809768293     -0.000229889291075293     -0.015066749606616778
    132.732289614168763592     -0.000228807603546758     -0.015031257278845741
    133.046448879527730469     -0.000227733558104146     -0.014995930728563648
    133.360608144886725768     -0.000226667092738365     -0.014960768897686372
    133.674767410245692645     -0.000225608145276395     -0.014925770746329010
    133.988926675604687944     -0.000224556653244672     -0.014890935250108275
    134.303085940963654821     -0.000223512553744534     -0.014856261397404501
    134.617245206322621698     -0.000222475783343805     -0.014821748186666237
    134.931404471681616997     -0.000221446277988362     -0.014787394623833217
    135.245563737040583874     -0.000220423972937271     -0.014753199719942604
    135.559723002399579173     -0.000219408802724550     -0.014719162488971253
    135.873882267758546050     -0.000218400701149499     -0.014685281945952765
    136.188041533117541348     -0.000217399601296689     -0.014651557105394817
    136.502200798476508226     -0.000216405435585265     -0.014617986980009854
    136.816360063835503524     -0.000215418135846839     -0.014584570579761150
    137.130519329194470401     -0.000214437633430416     -0.014551306911215828
    137.444678594553437279     -0.000213463859332415     -0.014518194977187229
    137.758837859912432577     -0.000212496744348804     -0.014485233776641765
    138.072997125271399455     -0.000211536219245748     -0.014452422304840382
    138.387156390630394753     -0.000210582214944308     -0.014419759553681875
    138.701315655989361630     -0.000209634662713803     -0.014387244512215120
    139.015474921348356929     -0.000208693494368388     -0.014354876167289110
    139.329634186707323806     -0.000207758642461419     -0.014322653504312633
    139.643793452066290683     -0.000206830040473109     -0.014290575508097949
    139.957952717425285982     -0.000205907622987633     -0.014258641163765406
    140.272111982784252859     -0.000204991325856610     -0.014226849457687596
    140.586271248143248158     -0.000204081086346686     -0.014195199378453507
    140.900430513502215035     -0.000203176843268518     -0.014163689917835813
    141.214589778861210334     -0.000202278537085112     -0.014132320071747854
    141.528749044220177211     -0.000201386109996389     -0.014101088841182918
    141.842908309579172510     -0.000200499505997886     -0.014069995233134886
    142.157067574938139387     -0.000199618670911231     -0.014039038261506626
    142.471226840297106264     -0.000198743552385639     -0.014008216948017746
    142.785386105656101563     -0.000197874099870504     -0.013977530323127461
    143.099545371015068440     -0.000197010264561041     -0.013946977426987689
    143.413704636374063739     -0.000196151999320333     -0.013916557310437694
    143.727863901733030616     -0.000195299258582194     -0.013886269036043525
    144.042023167092025915     -0.000194451998240098     -0.013856111679174665
    144.356182432450992792     -0.000193610175527196     -0.013826084329098339
    144.670341697809959669     -0.000192773748892264     -0.013796186090059993
    144.984500963168954968     -0.000191942677875372     -0.013766416082308504
    145.298660228527921845     -0.000191116922985979     -0.013736773443018008
    145.612819493886917144     -0.000190296445584955     -0.013707257327055791
    145.926978759245884021     -0.000189481207770911     -0.013677866907547874
    146.241138024604879320     -0.000188671172270471     -0.013648601376200217
    146.555297289963846197     -0.000187866302331348     -0.013619459943343966
    146.869456555322841496     -0.000187066561617187     -0.013590441837686224
    147.183615820681808373     -0.000186271914103222     -0.013561546305762368
    147.497775086040775250     -0.000185482323972322     -0.013532772611099985
    147.811934351399770549     -0.000184697755511312     -0.013504120033118398
    148.126093616758737426     -0.000183918173008206     -0.013475587865799457
    148.440252882117732725     -0.000183143540651562     -0.013447175416174462
    148.754412147476699602     -0.000182373822433541     -0.013418882002678472
    149.068571412835694900     -0.000181608982058954     -0.013390706953426517
    149.382730678194661778     -0.000180848982862795     -0.013362649604466165
    149.696889943553628655     -0.000180093787739114     -0.013334709298057655
    150.011049208912623953     -0.000179343359083567     -0.013306885381027696
    150.325208474271590831     -0.000178597658751694     -0.013279177203236518
    150.639367739630586129     -0.000177856648034497     -0.013251584116190422
    150.953527004989553006     -0.000177120287652205     -0.013224105471824461
    151.267686270348548305     -0.000176388537767057     -0.013196740621471827
    151.581845535707515182     -0.000175661358015087     -0.013169488915028803
    151.896004801066510481     -0.000174938707557092     -0.013142349700316421
    152.210164066425477358     -0.000174220545147825     -0.013115322322633117
    152.524323331784444235     -0.000173506829222311     -0.013088406124486734
    152.838482597143439534     -0.000172797517996795     -0.013061600445490620
    153.152641862502406411     -0.000172092569581583     -0.013034904622406307
    153.466801127861401710     -0.000171391942102445     -0.013008317989314594
    153.780960393220368587     -0.000170695593827035     -0.012981839877897116
    154.095119658579363886     -0.000170003483293205     -0.012955469617811296
    154.409278923938330763     -0.000169315569436380     -0.012929206537141897
    154.723438189297297640     -0.000168631811713739     -0.012903049962912647
    155.037597454656292939     -0.000167952170223071     -0.012876999221641375
    155.351756720015259816     -0.000167276605814323     -0.012851053639923046
    155.665915985374255115     -0.000166605080191732     -0.012825212545026596
    155.980075250733221992     -0.000165937556004125     -0.012799475265494780
    156.294234516092217291     -0.000165273996921024     -0.012773841131740446
    156.608393781451184168     -0.000164614367692038     -0.012748309476638298
    156.922553046810179467     -0.000163958634187658     -0.012722879636116399
    157.236712312169146344     -0.000163306763420180     -0.012697550949756747
    157.550871577528113221     -0.000162658723544643     -0.012672322761416509
    157.865030842887108520     -0.000162014483840537     -0.012647194419881991
    158.179190108246075397     -0.000161374014676241     -0.012622165279564869
    158.493349373605070696     -0.000160737287458947     -0.012597234701244742
    158.807508638964037573     -0.000160104274573195     -0.012572402052854904
    159.121667904323032872     -0.000159474949311407     -0.012547666710299769
    159.435827169681999749     -0.000158849285799514     -0.012523028058284140
    159.749986435040966626     -0.000158227258920448     -0.012498485491126796
    160.064145700399961925     -0.000157608844237401     -0.012474038413525457
    160.378304965758928802     -0.000156994017918047     -0.012449686241237618
    160.692464231117924101     -0.000156382756660307     -0.012425428401641904
    161.006623496476890978     -0.000155775037619548     -0.012401264334148059
    161.320782761835886276     -0.000155170838336936     -0.012377193490429386
    161.634942027194853154     -0.000154570136668238     -0.012353215334459412
    161.949101292553848452     -0.000153972910712852     -0.012329329342343601
    162.263260557912815329     -0.000153379138742421     -0.012305535001946311
    162.577419823271782207     -0.000152788799129102     -0.012281831812322900
    162.891579088630777505     -0.000152201870273429     -0.012258219282975668
    163.205738353989744382     -0.000151618330532605     -0.012234696932959546
    163.519897619348739681     -0.000151038158150261     -0.012211264289868785
    163.834056884707706558     -0.000150461331189162     -0.012187920888739080
    164.148216150066701857     -0.000149887827468613     -0.012164666270900622
    164.462375415425668734     -0.000149317624508200     -0.012141499982816892
    164.776534680784635611     -0.000148750699479553     -0.012118421574942109
    165.090693946143630910     -0.000148187029167390     -0.012095430600626938
    165.404853211502597787     -0.000147626589941051     -0.012072526615098472
    165.719012476861593086     -0.000147069357737616     -0.012049709174535638
    166.033171742220559963     -0.000146515308057501     -0.012026977835255980
    166.347331007579555262     -0.000145964415973287     -0.012004332153023968
    166.661490272938522139     -0.000145416656152099     -0.011981771682485761
    166.975649538297517438     -0.000144872002891470     -0.011959295976730022
    167.289808803656484315     -0.000144330430167836     -0.011936904586970665
    167.603968069015451192     -0.000143791911696357     -0.011914597062344521
    167.918127334374446491     -0.000143256421000150     -0.011892372949815331
    168.232286599733413368     -0.000142723931486908     -0.011870231794174610
    168.546445865092408667     -0.000142194416530889     -0.011848173138129406
    168.860605130451375544     -0.000141667849558343     -0.011826196522466317
    169.174764395810370843     -0.000141144204134780     -0.011804301486280488
    169.488923661169337720     -0.000140623454052517     -0.011782487567257600
    169.803082926528304597     -0.000140105573417154     -0.011760754301996197
    170.117242191887299896     -0.000139590536731341     -0.011739101226357945
    170.431401457246266773     -0.000139078318974032     -0.011717527875834601
    170.745560722605262072     -0.000138568895673238     -0.011696033785922915
    171.059719987964228949     -0.000138062242970111     -0.011674618492502262
    171.373879253323224248     -0.000137558337672349     -0.011653281532213825
    171.688038518682191125     -0.000137057157295116     -0.011632022442844794
    172.002197784041186424     -0.000136558680088434     -0.011610840763724312
    172.316357049400153301     -0.000136062885050485     -0.011589736036140209
    172.630516314759120178     -0.000135569751927256     -0.011568707803785994
